0.0
0.016598833909898688
0.015342055135209592
0.010830010949979643
0.010926247753142434
0.00786072121424647
0.007186875111917113
0.008979688536896756
0.006804481485159615
0.006672720886673898
0.005374580493573406
0.0056291270251264385
0.008308848900263333
0.009349365967097786
0.00580500961752994
0.004974350031202711
0.0045698475022869596
0.004121433843923825
0.003128568363313913
0.003062161502574135
0.0026781649131918306
0.0025876742228062833
0.0022288450184440845
0.0020736096712237135
0.00187858184643949
0.0016863192843636797
0.0015322800125569486
0.00147290904408722
0.0013858089872905285
0.0013060383445574278
0.0
0.007740828096211776
0.006922193920296174
0.006265829801037319
0.004157461451624947
0.0036646445958051447
0.00437452355275149
0.005661456723413485
0.002596872117475094
0.002554321370458589
0.002395408788056481
0.0018600766718163948
0.002286045468996155
0.0015990239736796779
0.0017094092495658448
0.0014874106515952985
0.001315852014116563
0.001531972211786662
0.0012436845939021734
0.0009705958777572966
0.0010197456623135437
0.0010132905551588915
0.0009723765651366128
0.0008360166029520302
0.0008112145192698153
0.0007462660145929801
0.0007128607880422031
0.000672908010745771
0.0006413543530314089
0.000650549050192503
0.020472753458803148
0.019569859482379055
0.03853227417968966
0.03643047791135709
0.031178243780064115
0.027198094024808734
0.025204040758851198
0.018680285482806668
0.015010584565255168
0.01293529150257693
0.014013562403155221
0.011426408025987173
0.014109462970420285
0.011556745431187763
0.009563896362456829
0.00841978649939163
0.006920010360444539
0.005811748162572964
0.005316092538187515
0.004880433353931274
0.004620261813928013
0.00426821509014994
0.003987650635156669
0.0035762059440179864
0.0032270766890632498
0.0029355990261603552
0.0027460865280676044
0.0026036938175079943
0.0025643361836146764
0.002611103967538643
0.023089826608105532
0.047861725074905034
0.00897494151513813
0.013281826012698988
0.021243383155323748
0.007305859276363881
0.005901919374280202
0.017872390773390895
6.354584834960533e-05
4.8604680004073596e-05
1.2566687325951808e-05
0.0
0.0031635645795791657
0.009367605968743803
0.008981584228479136
0.010136658097925348
0.00900305842009407
0.011201737206410031
0.015974022398546537
3.355697042412706e-07
0.02179393398311645
0.01571076449211667
0.012826814371162839
0.009736514823460702
0.014063409470114063
0.02204022253444809
0.022269648779238208
0.009542539954591546
0.004198481434022432
0.00341216037480955
0.002646851003332567
0.003367618227867546
0.0011194281011183208
0.000815310017420096
0.002245554237138397
0.01576931572714495
0.004768647750052953
0.0046280551568936975
0.0048266654355287155
0.0032039346027508517
0.001183995089546854
0.0008421162107500447
0.0023632289717139634